678,396,42,44
677,395,42,44
677,395,42,44
677,395,42,44
676,395,42,44
676,395,42,44
676,395,42,44
675,395,43,44
675,395,42,44
675,395,42,44
674,395,43,44
674,395,42,44
674,394,42,45
674,394,42,45
673,394,43,45
673,394,42,45
673,394,42,44
672,394,43,44
672,394,42,44
672,394,42,44
671,394,43,44
671,394,43,44
671,394,42,44
671,394,42,44
670,393,43,45
670,393,42,45
670,393,42,45
669,393,43,45
669,393,43,45
669,393,42,45
668,393,43,45
668,393,43,44
668,393,42,44
667,393,43,44
667,393,43,44
667,392,43,45
667,392,42,45
666,392,43,45
666,392,43,45
666,392,42,45
665,392,43,45
665,392,43,45
665,392,43,45
664,392,43,45
664,392,43,45
664,392,43,45
664,392,43,45
664,392,43,45
665,392,43,45
665,392,43,45
666,392,43,45
666,392,43,45
667,392,43,45
667,392,43,45
668,392,43,45
669,392,43,45
669,392,43,45
670,392,43,45
670,392,43,45
671,393,43,45
671,393,43,45
672,393,43,45
672,393,43,45
673,393,43,45
674,393,43,45
674,393,43,45
675,393,43,45
675,393,43,45
676,393,43,45
676,393,43,45
677,393,43,45
678,394,43,45
677,394,43,45
677,394,43,45
677,394,43,45
677,394,43,45
676,394,43,45
676,394,43,45
676,394,43,45
676,394,43,45
676,394,43,45
675,395,43,45
675,395,43,45
675,395,43,45
675,395,43,45
675,395,43,45
674,395,43,45
674,395,43,45
674,395,43,45
674,395,43,45
674,395,43,45
673,396,43,45
673,396,43,45
673,396,43,45
673,396,43,45
673,396,43,45
672,396,43,45
672,396,43,45
672,396,43,45
672,396,43,45
672,396,43,45
671,397,43,45
671,397,43,45
671,397,43,45
671,397,43,45
671,397,43,45
670,397,43,45
670,397,43,45
670,397,43,45
670,397,43,45
670,398,43,45
669,398,43,45
669,398,43,45
669,398,43,45
669,398,43,45
669,398,43,45
669,399,43,45
669,399,43,45
669,399,43,45
668,399,43,45
668,399,43,45
668,400,43,45
668,400,43,45
668,400,43,45
668,400,43,45
668,400,43,45
668,401,43,45
668,401,43,45
667,401,43,45
667,401,43,45
667,401,43,45
667,402,43,45
667,402,43,45
667,402,43,45
667,402,43,45
667,402,43,45
667,403,43,45
666,403,43,45
666,403,43,45
666,403,43,45
666,403,43,45
666,403,43,45
666,404,43,45
666,404,43,45
666,404,43,45
665,404,43,45
665,404,43,45
665,405,43,45
665,405,43,45
665,405,43,45
665,405,43,45
665,405,43,45
665,406,43,45
665,406,43,45
664,406,43,45
664,406,43,45
664,406,43,45
664,407,43,45
664,407,43,45
664,407,43,45
664,407,43,45
664,407,43,45
664,408,43,45
664,408,43,45
665,408,43,45
665,408,43,45
666,408,43,45
666,408,43,45
667,408,43,45
667,408,43,45
668,408,43,45
669,408,43,45
669,408,43,45
670,408,43,45
670,408,43,45
671,408,43,45
671,408,43,45
672,408,43,45
672,408,43,45
673,408,43,45
674,408,43,45
674,408,43,45
675,408,43,45
675,408,43,45
676,408,43,45
676,408,43,45
677,408,43,45
678,408,43,45
678,407,43,45
679,407,43,45
679,407,43,45
680,407,43,45
680,407,43,45
681,407,43,45
682,407,43,45
682,407,43,45
683,406,43,45
683,406,43,45
684,406,43,45
685,406,43,45
685,406,43,45
686,406,43,45
686,406,43,45
687,406,43,45
688,406,43,45
687,405,43,45
687,405,43,45
686,405,43,45
686,405,43,45
685,404,43,45
685,404,43,45
684,404,43,45
684,404,43,45
683,403,43,45
683,403,43,45
682,403,43,45
682,403,43,45
681,402,43,45
681,402,43,45
680,402,43,45
680,402,43,45
680,402,43,45
680,402,43,45
680,402,43,45
680,402,43,45
680,402,43,45
680,402,43,45
680,402,43,45
681,402,43,45
681,402,43,45
681,402,43,45
681,402,43,45
681,402,43,45
681,402,43,45
681,402,43,45
681,402,43,45
682,402,43,45
682,402,43,45
683,402,43,45
683,402,43,45
684,402,43,45
685,402,43,45
685,402,43,45
686,402,43,45
686,402,43,45
687,402,43,45
688,402,43,45
688,402,43,45
689,402,43,45
690,402,43,45
690,402,43,45
691,402,43,45
692,402,43,45
691,401,43,45
690,401,43,45
690,401,43,45
689,400,43,45
688,400,43,45
688,400,43,45
687,400,43,45
687,400,43,45
686,400,43,45
685,399,43,45
685,399,43,45
684,399,43,45
684,399,43,45
683,399,43,45
683,399,43,45
682,398,43,45
681,398,43,45
681,398,43,45
680,398,43,45
680,398,43,45
680,398,43,45
680,398,43,45
680,398,43,45
680,399,43,45
680,399,43,45
680,399,43,45
680,400,43,45
680,400,43,45
680,400,43,45
680,401,43,45
680,401,43,45
680,401,43,45
680,402,43,45
680,402,43,45
680,402,43,45
680,403,43,45
680,403,43,45
680,403,43,45
680,404,43,45
680,404,43,45
680,404,43,45
680,405,43,45
680,405,43,45
680,405,43,45
680,406,43,45
680,406,43,45
680,406,43,45
680,407,43,45
680,407,43,45
680,407,43,45
680,408,43,45
680,408,43,45
680,409,43,45
680,409,43,45
680,409,43,45
680,410,43,45
680,410,43,45
680,411,43,45
680,411,43,45
680,411,43,45
680,412,43,45
680,412,43,45
680,413,43,45
681,413,43,45
681,413,43,45
681,414,43,45
681,414,43,45
681,415,43,45
681,415,43,45
681,415,43,45
681,416,43,45
681,416,43,45
681,417,43,45
681,417,43,45
681,417,43,45
681,418,43,45
681,418,43,45
681,419,43,45
681,419,43,45
682,420,43,45
681,420,43,45
681,421,43,45
681,422,43,45
681,423,43,45
681,424,43,45
681,425,43,45
680,425,43,45
680,426,43,45
680,427,43,45
680,428,43,45
680,429,43,45
680,430,43,45
680,431,43,45
679,431,43,45
679,432,43,45
679,433,43,45
679,434,43,45
679,435,43,45
679,436,43,45
678,436,43,45
678,437,43,45
678,438,43,45
678,439,43,45
678,440,43,45
678,441,43,45
678,442,43,45
677,443,43,45
677,444,43,45
677,445,43,45
677,446,43,45
677,448,43,45
677,449,43,45
677,450,43,45
677,451,43,45
677,452,43,45
677,454,43,45
677,455,43,45
676,456,43,45
676,457,43,45
676,459,43,45
676,460,43,45
676,461,43,45
676,462,43,45
676,463,43,45
676,465,43,45
676,466,43,45
676,467,43,45
676,468,43,45
676,470,43,45
675,470,43,45
675,470,43,45
675,470,43,45
674,470,43,45
674,470,43,45
674,470,43,45
